0	15 1013.25  1.225
0.025 14.8375 1010.250317 1.222063
0.05 14.675 1007.25783 1.219131
0.075 14.5125 1004.272523 1.216204
0.1 14.35 1001.294386 1.213283
0.125 14.1875 998.323403 1.210367
0.15 14.025 995.359563 1.207456
0.175 13.8625 992.402852 1.204551
0.2 13.7 989.453256 1.201651
0.225 13.5375 986.510764 1.198757
0.25 13.375 983.575361 1.195868
0.275 13.2125 980.647034 1.192984
0.3 13.05 977.725771 1.190106
0.325 12.8875 974.811559 1.187233
0.35 12.725 971.904384 1.184365
0.375 12.5625 969.004233 1.181502
0.4 12.4 966.111094 1.178645
0.425 12.2375 963.224954 1.175793
0.45 12.075 960.345799 1.172946
0.475 11.9125 957.473616 1.170105
0.5 11.75 954.608393 1.167269
0.525 11.5875 951.750117 1.164438
0.55 11.425 948.898775 1.161612
0.575 11.2625 946.054354 1.158792
0.6 11.1 943.216841 1.155977
0.625 10.9375 940.386223 1.153167
0.65 10.775 937.562487 1.150362
0.675 10.6125 934.745622 1.147563
0.7 10.45 931.935613 1.144769
0.725 10.2875 929.132448 1.14198
0.75 10.125 926.336114 1.139196
0.775 9.9625 923.546599 1.136417
0.8 9.8 920.76389 1.133644
0.825 9.6375 917.987974 1.130876
0.85 9.475 915.218838 1.128113
0.875 9.3125 912.45647 1.125355
0.9 9.15 909.700858 1.122602
0.925 8.9875 906.951987 1.119854
0.95 8.825 904.209847 1.117112
0.975 8.6625 901.474424 1.114375
1 8.5 898.745705 1.111643
1.025 8.3375 896.023678 1.108916
1.05 8.175 893.308331 1.106194
1.075 8.0125 890.599651 1.103477
1.1 7.85 887.897625 1.100765
1.125 7.6875 885.202241 1.098059
1.15 7.525 882.513487 1.095357
1.175 7.3625 879.831349 1.092661
1.2 7.2 877.155816 1.089969
1.225 7.0375 874.486875 1.087283
1.25 6.875 871.824513 1.084602
1.275 6.7125 869.168718 1.081926
1.3 6.55 866.519479 1.079255
1.325 6.3875 863.876781 1.076589
1.35 6.225 861.240614 1.073928
1.375 6.0625 858.610964 1.071272
1.4 5.9 855.987819 1.068621
1.425 5.7375 853.371168 1.065975
1.45 5.575 850.760997 1.063334
1.475 5.4125 848.157295 1.060698
1.5 5.25 845.560048 1.058067
1.525 5.0875 842.969246 1.055442
1.55 4.925 840.384875 1.052821
1.575 4.7625 837.806924 1.050205
1.6 4.6 835.23538 1.047594
1.625 4.4375 832.67023 1.044988
1.65 4.275 830.111464 1.042387
1.675 4.1125 827.559069 1.039791
1.7 3.95 825.013031 1.0372
1.725 3.7875 822.473341 1.034614
1.75 3.625 819.939984 1.032032
1.775 3.4625 817.41295 1.029456
1.8 3.3 814.892226 1.026885
1.825 3.1375 812.3778 1.024318
1.85 2.975 809.86966 1.021757
1.875 2.8125 807.367795 1.0192
1.9 2.65 804.872191 1.016648
1.925 2.4875 802.382837 1.014102
1.95 2.325 799.899721 1.01156
1.975 2.1625 797.422831 1.009022
2 2 794.952155 1.00649
2.025 1.8375 792.487681 1.003963
2.05 1.675 790.029398 1.00144
2.075 1.5125 787.577293 0.998923
2.1 1.35 785.131354 0.99641
2.125 1.1875 782.69157 0.993902
2.15 1.025 780.257929 0.991399
2.175 0.8625 777.830419 0.988901
2.2 0.7 775.409027 0.986407
2.225 0.5375 772.993743 0.983918
2.25 0.375 770.584555 0.981435
2.275 0.2125 768.18145 0.978956
2.3 0.05 765.784417 0.976481
2.325 -0.1125 763.393444 0.974012
2.35 -0.275 761.00852 0.971547
2.375 -0.4375 758.629632 0.969087
2.4 -0.6 756.25677 0.966632
2.425 -0.7625 753.88992 0.964182
2.45 -0.925 751.529073 0.961736
2.475 -1.0875 749.174216 0.959295
2.5 -1.25 746.825337 0.956859
2.525 -1.4125 744.482424 0.954428
2.55 -1.575 742.145467 0.952001
2.575 -1.7375 739.814454 0.949579
2.6 -1.9 737.489373 0.947162
2.625 -2.0625 735.170212 0.944749
2.65 -2.225 732.85696 0.942341
2.675 -2.3875 730.549605 0.939938
2.7 -2.55 728.248137 0.93754
2.725 -2.7125 725.952543 0.935146
2.75 -2.875 723.662811 0.932757
2.775 -3.0375 721.378932 0.930373
2.8 -3.2 719.100892 0.927993
2.825 -3.3625 716.828681 0.925618
2.85 -3.525 714.562287 0.923247
2.875 -3.6875 712.301699 0.920881
2.9 -3.85 710.046905 0.91852
2.925 -4.0125 707.797894 0.916164
2.95 -4.175 705.554655 0.913812
2.975 -4.3375 703.317176 0.911465
3 -4.5 701.085447 0.909122
3.025 -4.6625 698.859455 0.906784
3.05 -4.825 696.639189 0.904451
3.075 -4.9875 694.424639 0.902122
3.1 -5.15 692.215792 0.899798
3.125 -5.3125 690.012638 0.897478
3.15 -5.475 687.815165 0.895163
3.175 -5.6375 685.623363 0.892852
3.2 -5.8 683.43722 0.890546
3.225 -5.9625 681.256724 0.888245
3.25 -6.125 679.081865 0.885948
3.275 -6.2875 676.912632 0.883656
3.3 -6.45 674.749012 0.881368
3.325 -6.6125 672.590997 0.879085
3.35 -6.775 670.438573 0.876806
3.375 -6.9375 668.29173 0.874532
3.4 -7.1 666.150457 0.872262
3.425 -7.2625 664.014743 0.869997
3.45 -7.425 661.884577 0.867737
3.475 -7.5875 659.759947 0.865481
3.5 -7.75 657.640844 0.863229
3.525 -7.9125 655.527255 0.860982
3.55 -8.075 653.41917 0.858739
3.575 -8.2375 651.316578 0.856501
3.6 -8.4 649.219467 0.854267
3.625 -8.5625 647.127828 0.852038
3.65 -8.725 645.041648 0.849813
3.675 -8.8875 642.960918 0.847593
3.7 -9.05 640.885626 0.845377
3.725 -9.2125 638.815761 0.843165
3.75 -9.375 636.751312 0.840958
3.775 -9.5375 634.69227 0.838755
3.8 -9.7 632.638621 0.836557
3.825 -9.8625 630.590357 0.834363
3.85 -10.025 628.547466 0.832174
3.875 -10.187 626.509938 0.829989
3.9 -10.35 624.477761 0.827808
3.925 -10.512 622.450924 0.825632
3.95 -10.675 620.429418 0.82346
3.975 -10.837 618.413231 0.821293
4 -11 616.402353 0.819129
4.025 -11.162 614.396773 0.816971
4.05 -11.325 612.39648 0.814816
4.075 -11.487 610.401463 0.812666
4.1 -11.65 608.411712 0.81052
4.125 -11.812 606.427217 0.808379
4.15 -11.975 604.447966 0.806242
4.175 -12.137 602.47395 0.804109
4.2 -12.3 600.505157 0.801981
4.225 -12.462 598.541576 0.799857
4.25 -12.625 596.583198 0.797737
4.275 -12.787 594.630012 0.795621
4.3 -12.95 592.682007 0.79351
4.325 -13.112 590.739172 0.791403
4.35 -13.275 588.801498 0.789301
4.375 -13.437 586.868973 0.787202
4.4 -13.6 584.941588 0.785108
4.425 -13.762 583.019331 0.783018
4.45 -13.925 581.102193 0.780933
4.475 -14.087 579.190163 0.778852
4.5 -14.25 577.28323 0.776775
4.525 -14.412 575.381384 0.774702
4.55 -14.575 573.484614 0.772633
4.575 -14.737 571.592911 0.770569
4.6 -14.9 569.706264 0.768509
4.625 -15.062 567.824663 0.766453
4.65 -15.225 565.948097 0.764401
4.675 -15.387 564.076555 0.762354
4.7 -15.55 562.210029 0.76031
4.725 -15.712 560.348506 0.758271
4.75 -15.875 558.491978 0.756236
4.775 -16.037 556.640434 0.754205
4.8 -16.2 554.793863 0.752179
4.825 -16.362 552.952255 0.750156
4.85 -16.525 551.115601 0.748138
4.875 -16.687 549.28389 0.746124
4.9 -16.85 547.457111 0.744114
4.925 -17.012 545.635255 0.742108
4.95 -17.175 543.818311 0.740107
4.975 -17.337 542.00627 0.738109
5 -17.5 540.199121 0.736116
5.025 -17.662 538.396854 0.734127
5.05 -17.825 536.599459 0.732141
5.075 -17.987 534.806926 0.73016
5.1 -18.15 533.019244 0.728183
5.125 -18.312 531.236405 0.726211
5.15 -18.475 529.458397 0.724242
5.175 -18.637 527.68521 0.722277
5.2 -18.8 525.916836 0.720317
5.225 -18.962 524.153263 0.71836
5.25 -19.125 522.394482 0.716408
5.275 -19.287 520.640483 0.714459
5.3 -19.45 518.891255 0.712515
5.325 -19.612 517.146789 0.710575
5.35 -19.775 515.407076 0.708638
5.375 -19.937 513.672104 0.706706
5.4 -20.1 511.941864 0.704778
5.425 -20.262 510.216347 0.702854
5.45 -20.425 508.495542 0.700934
5.475 -20.587 506.779439 0.699018
5.5 -20.75 505.06803 0.697106
5.525 -20.912 503.361303 0.695198
5.55 -21.075 501.659249 0.693294
5.575 -21.237 499.961858 0.691393
5.6 -21.4 498.269121 0.689497
5.625 -21.562 496.581028 0.687605
5.65 -21.725 494.897568 0.685717
5.675 -21.887 493.218733 0.683833
5.7 -22.05 491.544512 0.681953
5.725 -22.212 489.874897 0.680076
5.75 -22.375 488.209876 0.678204
5.775 -22.537 486.54944 0.676336
5.8 -22.7 484.893581 0.674471
5.825 -22.862 483.242287 0.672611
5.85 -23.025 481.59555 0.670754
5.875 -23.187 479.95336 0.668902
5.9 -23.35 478.315707 0.667053
5.925 -23.512 476.682582 0.665208
5.95 -23.675 475.053974 0.663367
5.975 -23.837 473.429876 0.66153
6 -24 471.810276 0.659697
6.025 -24.162 470.195165 0.657868
6.05 -24.325 468.584534 0.656043
6.075 -24.487 466.978374 0.654221
6.1 -24.65 465.376675 0.652404
6.125 -24.812 463.779427 0.65059
6.15 -24.975 462.18662 0.64878
6.175 -25.137 460.598246 0.646974
6.2 -25.3 459.014296 0.645172
6.225 -25.462 457.434758 0.643374
6.25 -25.625 455.859625 0.641579
6.275 -25.787 454.288887 0.639788
6.3 -25.95 452.722534 0.638002
6.325 -26.112 451.160557 0.636219
6.35 -26.275 449.602947 0.634439
6.375 -26.437 448.049693 0.632664
6.4 -26.6 446.500788 0.630892
6.425 -26.762 444.956222 0.629125
6.45 -26.925 443.415985 0.627361
6.475 -27.087 441.880068 0.6256
6.5 -27.25 440.348461 0.623844
6.525 -27.412 438.821156 0.622091
6.55 -27.575 437.298144 0.620343
6.575 -27.737 435.779414 0.618597
6.6 -27.9 434.264958 0.616856
6.625 -28.062 432.754767 0.615119
6.65 -28.225 431.248831 0.613385
6.675 -28.387 429.747142 0.611655
6.7 -28.55 428.249689 0.609928
6.725 -28.712 426.756465 0.608206
6.75 -28.875 425.267459 0.606487
6.775 -29.037 423.782663 0.604771
6.8 -29.2 422.302067 0.60306
6.825 -29.362 420.825663 0.601352
6.85 -29.525 419.353441 0.599648
6.875 -29.687 417.885392 0.597948
6.9 -29.85 16.421508 0.596251
6.925 -30.012 414.961779 0.594558
6.95 -30.175 413.506196 0.592869
6.975 -30.337 412.05475 0.591183
7 -30.5 410.607432 0.589501
7.025 -30.662 409.164233 0.587823
7.05 -30.825 407.725145 0.586148
7.075 -30.987 406.290158 0.584477
7.1 -31.15 404.859263 0.58281
7.125 -31.312 403.432451 0.581146
7.15 -31.475 402.009714 0.579486
7.175 -31.637 400.591042 0.57783
7.2 -31.8 399.176427 0.576177
7.225 -31.962 397.765859 0.574527
7.25 -32.125 396.359331 0.572882
7.275 -32.287 394.956832 0.57124
7.3 -32.45 393.558355 0.569602
7.325 -32.612 392.16389 0.567967
7.35 -32.775 390.773428 0.566336
7.375 -32.937 389.386961 0.564708
7.4 -33.1 388.004481 0.563084
7.425 -33.262 386.625977 0.561463
7.45 -33.425 385.251442 0.559847
7.475 -33.587 383.880866 0.558233
7.5 -33.75 382.514241 0.556624
7.525 -33.912 381.151559 0.555017
7.55 -34.075 379.79281 0.553415
7.575 -34.237 378.437986 0.551816
7.6 -34.4 377.087078 0.55022
7.625 -34.562 375.740077 0.548628
7.65 -34.725 374.396976 0.547039
7.675 -34.887 373.057764 0.545454
7.7 -35.05 371.722434 0.543873
7.725 -35.212 370.390977 0.542295
7.75 -35.375 369.063385 0.540721
7.775 -35.537 367.739648 0.53915
7.8 -35.7 366.419758 0.537582
7.825 -35.862 365.103707 0.536018
7.85 -36.025 363.791486 0.534458
7.875 -36.187 362.483086 0.532901
7.9 -36.35 361.1785 0.531347
7.925 -36.512 359.877718 0.529797
7.95 -36.675 358.580732 0.52825
7.975 -36.837 357.287534 0.526707
8 -37 355.998114 0.525168
8.025 -37.162 354.712466 0.523631
8.05 -37.325 353.430579 0.522098
8.075 -37.487 352.152446 0.520569
8.1 -37.65 350.878059 0.519043
8.125 -37.812 349.607408 0.517521
8.15 -37.975 348.340486 0.516001
8.175 -38.137 347.077285 0.514486
8.2 -38.3 345.817795 0.512973
8.225 -38.462 344.562008 0.511465
8.25 -38.625 343.309917 0.509959
8.275 -38.787 342.061512 0.508457
8.3 -38.95 340.816786 0.506958
8.325 -39.112 339.57573 0.505463
8.35 -39.275 338.338336 0.503971
8.375 -39.437 337.104596 0.502482
8.4 -39.6 335.874501 0.500997
8.425 -39.762 334.648043 0.499515
8.45 -39.925 333.425214 0.498037
8.475 -40.087 332.206005 0.496562
8.5 -40.25 330.990409 0.49509
8.525 -40.412 329.778418 0.493621
8.55 -40.575 328.570022 0.492156
8.575 -40.737 327.365215 0.490694
8.6 -40.9 326.163987 0.489236
8.625 -41.062 324.966331 0.487781
8.65 -41.225 323.772238 0.486329
8.675 -41.387 322.581701 0.48488
8.7 -41.55 321.39471 0.483435
8.725 -41.712 320.21126 0.481993
8.75 -41.875 319.03134 0.480555
8.775 -42.037 317.854943 0.479119
8.8 -42.2 316.682061 0.477687
8.825 -42.362 315.512686 0.476258
8.85 -42.525 314.34681 0.474833
8.875 -42.687 313.184425 0.473411
8.9 -42.85 312.025523 0.471992
8.925 -43.012 310.870096 0.470576
8.95 -43.175 309.718136 0.469163
8.975 -43.337 308.569635 0.467754
9 -43.5 307.424584 0.466348
9.025 -43.662 306.282977 0.464945
9.05 -43.825 305.144805 0.463546
9.075 -43.987 304.01006 0.46215
9.1 -44.15 302.878735 0.460756
9.125 -44.312 301.75082 0.459367
9.15 -44.475 300.62631 0.45798
9.175 -44.637 299.505195 0.456596
9.2 -44.8 298.387468 0.455216
9.225 -44.962 297.273121 0.453839
9.25 -45.125 296.162147 0.452465
9.275 -45.287 295.054536 0.451095
9.3 -45.45 293.950283 0.449727
9.325 -45.612 292.849378 0.448363
9.35 -45.775 291.751814 0.447001
9.375 -45.937 290.657583 0.445643
9.4 -46.1 289.566678 0.444289
9.425 -46.262 288.479091 0.442937
9.45 -46.425 287.394813 0.441588
9.475 -46.587 286.313838 0.440243
9.5 -46.75 285.236158 0.438901
9.525 -46.912 284.161765 0.437562
9.55 -47.075 283.09065 0.436226
9.575 -47.237 282.022808 0.434893
9.6 -47.4 280.958229 0.433563
9.625 -47.562 279.896907 0.432236
9.65 -47.725 278.838834 0.430913
9.675 -47.887 277.784001 0.429592
9.7 -48.05 276.732402 0.428275
9.725 -48.212 275.684029 0.426961
9.75 -48.375 274.638874 0.425649
9.775 -48.537 273.59693 0.424341
9.8 -48.7 272.558189 0.423036
9.825 -48.862 271.522644 0.421734
9.85 -49.025 270.490287 0.420436
9.875 -49.187 269.461111 0.41914
9.9 -49.35 268.435107 0.417847
9.925 -49.512 267.41227 0.416557
9.95 -49.675 266.39259 0.415271
9.975 -49.837 265.376062 0.413987
10 -50 264.362676 0.412707
10.025 -50.162 263.352426 0.411429
10.05 -50.325 262.345305 0.410155
10.075 -50.487 261.341304 0.408883
10.1 -50.65 260.340417 0.407615
10.125 -50.812 259.342637 0.406349
10.15 -50.975 258.347955 0.405087
10.175 -51.137 257.356364 0.403827
10.2 -51.3 256.367857 0.402571
10.225 -51.462 255.382428 0.401317
10.25 -51.625 254.400067 0.400067
10.275 -51.787 253.420769 0.398819
10.3 -51.95 252.444525 0.397575
10.325 -52.112 251.471329 0.396333
10.35 -52.275 250.501173 0.395095
10.375 -52.437 249.534049 0.393859
10.4 -52.6 248.569952 0.392627
10.425 -52.762 247.608873 0.391397
10.45 -52.925 246.650805 0.39017
10.475 -53.087 245.695741 0.388946
10.5 -53.25 244.743673 0.387725
10.525 -53.412 243.794596 0.386508
10.55 -53.575 242.8485 0.385293
10.575 -53.737 241.90538 0.384081
10.6 -53.9 240.965227 0.382871
10.625 -54.062 240.028036 0.381665
10.65 -54.225 239.093798 0.380462
10.675 -54.387 238.162507 0.379261
10.7 -54.55 237.234155 0.378064
10.725 -54.712 236.308736 0.376869
10.75 -54.875 235.386242 0.375677
10.775 -55.037 234.466666 0.374489
10.8 -55.2 233.550001 0.373303
10.825 -55.362 232.636241 0.37212
10.85 -55.525 231.725377 0.370939
10.875 -55.687 230.817403 0.369762
10.9 -55.85 229.912313 0.368588
10.925 -56.012 229.010098 0.367416
10.95 -56.175 228.110752 0.366247
10.975 -56.337 227.214268 0.365081
11 -56.5 226.32064 0.363918
11.025 -56.5 225.430192 0.362486
11.05 -56.5 224.543249 0.36106
11.075 -56.5 223.659794 0.359639
11.1 -56.5 222.779816 0.358224
11.125 -56.5 221.9033 0.356815
11.15 -56.5 221.030233 0.355411
11.175 -56.5 220.1606 0.354013
11.2 -56.5 219.294389 0.35262
11.225 -56.5 218.431587 0.351233
11.25 -56.5 217.572178 0.349851
11.275 -56.5 216.716152 0.348474
11.3 -56.5 215.863493 0.347103
11.325 -56.5 215.014189 0.345738
11.35 -56.5 214.168226 0.344377
11.375 -56.5 213.325592 0.343022
11.4 -56.5 212.486273 0.341673
11.425 -56.5 211.650256 0.340328
11.45 -56.5 210.817529 0.338989
11.475 -56.5 209.988078 0.337656
11.5 -56.5 209.16189 0.336327
11.525 -56.5 208.338953 0.335004
11.55 -56.5 207.519254 0.333686
11.575 -56.5 206.70278 0.332373
11.6 -56.5 205.889518 0.331065
11.625 -56.5 205.079456 0.329763
11.65 -56.5 204.272581 0.328465
11.675 -56.5 203.468881 0.327173
11.7 -56.5 202.668343 0.325886
11.725 -56.5 201.870954 0.324604
11.75 -56.5 201.076703 0.323326
11.775 -56.5 200.285577 0.322054
11.8 -56.5 199.497563 0.320787
11.825 -56.5 198.71265 0.319525
11.85 -56.5 197.930825 0.318268
11.875 -56.5 197.152076 0.317016
11.9 -56.5 196.376391 0.315768
11.925 -56.5 195.603758 0.314526
11.95 -56.5 194.834165 0.313289
11.975 -56.5 194.0676 0.312056
12 -56.5 193.30405 0.310828
12.025 -56.5 192.543505 0.309605
12.05 -56.5 191.785953 0.308387
12.075 -56.5 191.03138 0.307174
12.1 -56.5 190.279777 0.305965
12.125 -56.5 189.531131 0.304761
12.15 -56.5 188.78543 0.303562
12.175 -56.5 188.042663 0.302368
12.2 -56.5 187.302819 0.301178
12.225 -56.5 186.565885 0.299993
12.25 -56.5 185.831851 0.298813
12.275 -56.5 185.100705 0.297637
12.3 -56.5 184.372435 0.296466
12.325 -56.5 183.647031 0.2953
12.35 -56.5 182.924481 0.294138
12.375 -56.5 182.204774 0.292981
12.4 -56.5 181.487898 0.291828
12.425 -56.5 180.773843 0.29068
12.45 -56.5 180.062598 0.289536
12.475 -56.5 179.35415 0.288397
12.5 -56.5 178.64849 0.287262
12.525 -56.5 177.945607 0.286132
12.55 -56.5 177.245489 0.285006
12.575 -56.5 176.548125 0.283885
12.6 -56.5 175.853505 0.282768
12.625 -56.5 175.161619 0.281656
12.65 -56.5 174.472454 0.280547
12.675 -56.5 173.786001 0.279444
12.7 -56.5 173.102248 0.278344
12.725 -56.5 172.421186 0.277249
12.75 -56.5 171.742804 0.276158
12.775 -56.5 171.06709 0.275072
12.8 -56.5 170.394035 0.273989
12.825 -56.5 169.723629 0.272911
12.85 -56.5 169.055859 0.271838
12.875 -56.5 168.390718 0.270768
12.9 -56.5 167.728193 0.269703
12.925 -56.5 167.068274 0.268642
12.95 -56.5 166.410953 0.267585
12.975 -56.5 165.756217 0.266532
13 -56.5 165.104058 0.265483
13.025 -56.5 164.454464 0.264439
13.05 -56.5 163.807426 0.263398
13.075 -56.5 163.162934 0.262362
13.1 -56.5 162.520978 0.26133
13.125 -56.5 161.881547 0.260302
13.15 -56.5 161.244632 0.259277
13.175 -56.5 160.610223 0.258257
13.2 -56.5 159.97831 0.257241
13.225 -56.5 159.348883 0.256229
13.25 -56.5 158.721933 0.255221
13.275 -56.5 158.09745 0.254217
13.3 -56.5 157.475423 0.253217
13.325 -56.5 156.855844 0.25222
13.35 -56.5 156.238703 0.251228
13.375 -56.5 155.623989 0.25024
13.4 -56.5 155.011694 0.249255
13.425 -56.5 154.401809 0.248274
13.45 -56.5 153.794322 0.247297
13.475 -56.5 153.189226 0.246325
13.5 -56.5 152.586511 0.245355
13.525 -56.5 151.986167 0.24439
13.55 -56.5 151.388185 0.243428
13.575 -56.5 150.792556 0.242471
13.6 -56.5 150.19927 0.241517
13.625 -56.5 149.608318 0.240566
13.65 -56.5 149.019692 0.23962
13.675 -56.5 148.433381 0.238677
13.7 -56.5 147.849378 0.237738
13.725 -56.5 147.267672 0.236803
13.75 -56.5 146.688254 0.235871
13.775 -56.5 146.111117 0.234943
13.8 -56.5 145.53625 0.234019
13.825 -56.5 144.963645 0.233098
13.85 -56.5 144.393293 0.232181
13.875 -56.5 143.825184 0.231267
13.9 -56.5 143.259311 0.230357
13.925 -56.5 142.695665 0.229451
13.95 -56.5 142.134236 0.228548
13.975 -56.5 141.575016 0.227649
14 -56.5 141.017996 0.226753
14.025 -56.5 140.463168 0.225861
14.05 -56.5 139.910522 0.224973
14.075 -56.5 139.360052 0.224088
14.1 -56.5 138.811746 0.223206
14.125 -56.5 138.265598 0.222328
14.15 -56.5 137.721599 0.221453
14.175 -56.5 137.179741 0.220582
14.2 -56.5 136.640014 0.219714
14.225 -56.5 136.102411 0.218849
14.25 -56.5 135.566922 0.217988
14.275 -56.5 135.033541 0.217131
14.3 -56.5 134.502258 0.216276
14.325 -56.5 133.973066 0.215425
14.35 -56.5 133.445956 0.214578
14.375 -56.5 132.920919 0.213734
14.4 -56.5 132.397948 0.212893
14.425 -56.5 131.877035 0.212055
14.45 -56.5 131.358172 0.211221
14.475 -56.5 130.84135 0.21039
14.5 -56.5 130.326561 0.209562
14.525 -56.5 129.813798 0.208737
14.55 -56.5 129.303052 0.207916
14.575 -56.5 128.794315 0.207098
14.6 -56.5 128.28758 0.206283
14.625 -56.5 127.782839 0.205472
14.65 -56.5 127.280084 0.204663
14.675 -56.5 126.779307 0.203858
14.7 -56.5 126.2805 0.203056
14.725 -56.5 125.783656 0.202257
14.75 -56.5 125.288766 0.201461
14.775 -56.5 124.795824 0.200669
14.8 -56.5 124.304821 0.199879
14.825 -56.5 123.81575 0.199093
14.85 -56.5 123.328603 0.198309
14.875 -56.5 122.843373 0.197529
14.9 -56.5 122.360052 0.196752
14.925 -56.5 121.878632 0.195978
14.95 -56.5 121.399107 0.195207
14.975 -56.5 120.921468 0.194439
15 -56.5 120.445709 0.193674
15.025 -56.5 119.971821 0.192912
15.05 -56.5 119.499798 0.192153
15.075 -56.5 119.029632 0.191397
15.1 -56.5 118.561316 0.190644
15.125 -56.5 118.094842 0.189894
15.15 -56.5 117.630204 0.189146
15.175 -56.5 117.167394 0.188402
15.2 -56.5 116.706405 0.187661
15.225 -56.5 116.247229 0.186923
15.25 -56.5 115.78986 0.186187
15.275 -56.5 115.334291 0.185455
15.3 -56.5 114.880514 0.184725
15.325 -56.5 114.428522 0.183998
15.35 -56.5 113.978309 0.183274
15.375 -56.5 113.529867 0.182553
15.4 -56.5 113.083189 0.181835
15.425 -56.5 112.638269 0.18112
15.45 -56.5 112.195099 0.180407
15.475 -56.5 111.753673 0.179697
15.5 -56.5 111.313984 0.17899
15.525 -56.5 110.876025 0.178286
15.55 -56.5 110.439789 0.177584
15.575 -56.5 110.005269 0.176886
15.6 -56.5 109.572459 0.17619
15.625 -56.5 109.141351 0.175497
15.65 -56.5 108.71194 0.174806
15.675 -56.5 108.284218 0.174118
15.7 -56.5 107.858179 0.173433
15.725 -56.5 107.433817 0.172751
15.75 -56.5 107.011124 0.172071
15.775 -56.5 106.590094 0.171394
15.8 -56.5 106.170721 0.17072
15.825 -56.5 105.752997 0.170048
15.85 -56.5 105.336917 0.169379
15.875 -56.5 104.922474 0.168713
15.9 -56.5 104.509662 0.168049
15.925 -56.5 104.098474 0.167388
15.95 -56.5 103.688904 0.166729
15.975 -56.5 103.280945 0.166073
16 -56.5 102.874591 0.16542
16.025 -56.5 102.469836 0.164769
16.05 -56.5 102.066674 0.164121
16.075 -56.5 101.665098 0.163475
16.1 -56.5 101.265102 0.162832
16.125 -56.5 100.866679 0.162191
16.15 -56.5 100.469824 0.161553
16.175 -56.5 100.074531 0.160917
16.2 -56.5 99.680792 0.160284
16.225 -56.5 99.288603 0.159654
16.25 -56.5 98.897957 0.159025
16.275 -56.5 98.508848 0.1584
16.3 -56.5 98.12127 0.157777
16.325 -56.5 97.735217 0.157156
16.35 -56.5 97.350683 0.156538
16.375 -56.5 96.967661 0.155922
16.4 -56.5 96.586147 0.155308
16.425 -56.5 96.206133 0.154697
16.45 -56.5 95.827615 0.154088
16.475 -56.5 95.450586 0.153482
16.5 -56.5 95.075041 0.152878
16.525 -56.5 94.700973 0.152277
16.55 -56.5 94.328376 0.151678
16.575 -56.5 93.957246 0.151081
16.6 -56.5 93.587576 0.150487
16.625 -56.5 93.21936 0.149894
16.65 -56.5 92.852593 0.149305
16.675 -56.5 92.48727 0.148717
16.7 -56.5 92.123383 0.148132
16.725 -56.5 91.760928 0.147549
16.75 -56.5 91.399899 0.146969
16.775 -56.5 91.040291 0.146391
16.8 -56.5 90.682098 0.145815
16.825 -56.5 90.325313 0.145241
16.85 -56.5 89.969933 0.144669
16.875 -56.5 89.615951 0.1441
16.9 -56.5 89.263361 0.143533
16.925 -56.5 88.912159 0.142969
16.95 -56.5 88.562339 0.142406
16.975 -56.5 88.213894 0.141846
17 -56.5 87.866821 0.141288
17.025 -56.5 87.521114 0.140732
17.05 -56.5 87.176766 0.140178
17.075 -56.5 86.833774 0.139627
17.1 -56.5 86.49213 0.139077
17.125 -56.5 86.151832 0.13853
17.15 -56.5 85.812871 0.137985
17.175 -56.5 85.475245 0.137442
17.2 -56.5 85.138947 0.136901
17.225 -56.5 84.803972 0.136363
17.25 -56.5 84.470315 0.135826
17.275 -56.5 84.137971 0.135292
17.3 -56.5 83.806934 0.134759
17.325 -56.5 83.4772         0.134229
17.35 -56.5 83.148763 0.133701
17.375 -56.5 82.821618 0.133175
17.4 -56.5 82.495761 0.132651
17.425 -56.5 82.171185 0.132129
17.45 -56.5 81.847887 0.131609
17.475 -56.5 81.525861 0.131092
17.5 -56.5 81.205101 0.130576
17.525 -56.5 80.885604 0.130062
17.55 -56.5 80.567363 0.12955
17.575 -56.5 80.250375 0.129041
17.6 -56.5 79.934634 0.128533
17.625 -56.5 79.620135 0.128027
17.65 -56.5 79.306874 0.127524
17.675 -56.5 78.994845 0.127022
17.7 -56.5 78.684044 0.126522
17.725 -56.5 78.374465 0.126024
17.75 -56.5 78.066105 0.125528
17.775 -56.5 77.758958 0.125034
17.8 -56.5 77.453019 0.124543
17.825 -56.5 77.148284 0.124053
17.85 -56.5 76.844748 0.123564
17.875 -56.5 76.542406 0.123078
17.9 -56.5 76.241254 0.122594
17.925 -56.5 75.941286 0.122112
17.95 -56.5 75.642499 0.121631
17.975 -56.5 75.344887 0.121153
18 -56.5 75.048447 0.120676
18.025 -56.5 74.753172 0.120201
18.05 -56.5 74.45906 0.119728
18.075 -56.5 74.166104 0.119257
18.1 -56.5 73.874301 0.118788
18.125 -56.5 73.583647 0.118321
18.15 -56.5 73.294135 0.117855
18.175 -56.5 73.005763 0.117391
18.2 -56.5 72.718526 0.11693
18.225 -56.5 72.432418 0.11647
18.25 -56.5 72.147437 0.116011
18.275 -56.5 71.863576 0.115555
18.3 -56.5 71.580833 0.1151
18.325 -56.5 71.299201 0.114647
18.35 -56.5 71.018678 0.114196
18.375 -56.5 70.739259 0.113747
18.4 -56.5 70.460939 0.113299
18.425 -56.5 70.183714 0.112854
18.45 -56.5 69.907579 0.11241
18.475 -56.5 69.632531 0.111967
18.5 -56.5 69.358566 0.111527
18.525 -56.5 69.085678 0.111088
18.55 -56.5 68.813864 0.110651
18.575 -56.5 68.543119 0.110216
18.6 -56.5 68.27344 0.109782
18.625 -56.5 68.004821 0.10935
18.65 -56.5 67.73726 0.10892
18.675 -56.5 67.470751 0.108491
18.7 -56.5 67.20529 0.108064
18.725 -56.5 66.940875 0.107639
18.75 -56.5 66.677499 0.107216
18.775 -56.5 66.41516 0.106794
18.8 -56.5 66.153853 0.106374
18.825 -56.5 65.893574 0.105955
18.85 -56.5 65.634319 0.105538
18.875 -56.5 65.376084 0.105123
18.9 -56.5 65.118865 0.10471
18.925 -56.5 64.862658 0.104298
18.95 -56.5 64.607459 0.103887
18.975 -56.5 64.353264 0.103478
19 -56.5 64.100069 0.103071
19.025 -56.5 63.847871 0.102666
19.05 -56.5 63.596665 0.102262
19.075 -56.5 63.346447 0.10186
19.1 -56.5 63.097213 0.101459
19.125 -56.5 62.848961 0.10106
19.15 -56.5 62.601684 0.100662
19.175 -56.5 62.355381 0.100266
19.2 -56.5 62.110047 0.099871
19.225 -56.5 61.865678 0.099478
19.25 -56.5 61.622271 0.099087
19.275 -56.5 61.379821 0.098697
19.3 -56.5 61.138325 0.098309
19.325 -56.5 60.89778 0.097922
19.35 -56.5 60.65818 0.097537
19.375 -56.5 60.419524 0.097153
19.4 -56.5 60.181806 0.096771
19.425 -56.5 59.945024 0.09639
19.45 -56.5 59.709173 0.096011
19.475 -56.5 59.47425 0.095633
19.5 -56.5 59.240252 0.095257
19.525 -56.5 59.007174 0.094882
19.55 -56.5 58.775013 0.094509
19.575 -56.5 58.543766 0.094137
19.6 -56.5 58.313428 0.093767
19.625 -56.5 58.083997 0.093398
19.65 -56.5 57.855469 0.09303
19.675 -56.5 57.627839 0.092664
19.7 -56.5 57.401105 0.0923
19.725 -56.5 57.175263 0.091936
19.75 -56.5 56.95031 0.091575
19.775 -56.5 56.726242 0.091214
19.8 -56.5 56.503056 0.090856
19.825 -56.5 56.280747 0.090498
19.85 -56.5 56.059313 0.090142
19.875 -56.5 55.838751 0.089787
19.9 -56.5 55.619056 0.089434
19.925 -56.5 55.400226 0.089082
19.95 -56.5 55.182256 0.088732
19.975 -56.5 54.965144 0.088383
20 -56.5 54.748887 0.088035
20.025 -56.475 54.533492 0.087678
20.05 -56.45 54.31897 0.087323
20.075 -56.425 54.105316 0.08697
20.1 -56.4 53.892527 0.086618
20.125 -56.375 53.6806         0.086267
20.15 -56.35 53.46953 0.085918
20.175 -56.325 53.259314 0.085571
20.2 -56.3 53.049949 0.085224
20.225 -56.275 52.841431 0.08488
20.25 -56.25 52.633756 0.084536
20.275 -56.225 52.426921 0.084194
20.3 -56.2 52.220923 0.083854
20.325 -56.175 52.015757 0.083515
20.35 -56.15 51.811422 0.083177
20.375 -56.125 51.607912 0.082841
20.4 -56.1 51.405225 0.082506
20.425 -56.075 51.203358 0.082173
20.45 -56.05 51.002306 0.08184
20.475 -56.025 50.802066 0.08151
20.5 -56 50.602636 0.08118
20.525 -55.975 50.404011 0.080852
20.55 -55.95 50.206189 0.080526
20.575 -55.925 50.009166 0.080201
20.6 -55.9 49.812938 0.079877
20.625 -55.875 49.617503 0.079554
20.65 -55.85 49.422857 0.079233
20.675 -55.825 49.228997 0.078913
20.7 -55.8 49.03592 0.078595
20.725 -55.775 48.843621 0.078277
20.75 -55.75 48.652099 0.077961
20.775 -55.725 48.46135 0.077647
20.8 -55.7 48.271371 0.077334
20.825 -55.675 48.082157 0.077022
20.85 -55.65 47.893708 0.076711
20.875 -55.625 47.706018 0.076402
20.9 -55.6 47.519085 0.076093
20.925 -55.575 47.332906 0.075787
20.95 -55.55 47.147478 0.075481
20.975 -55.525 46.962798 0.075177
21 -55.5 46.778862 0.074874
21.025 -55.475 46.595667 0.074572
21.05 -55.45 46.413211 0.074271
21.075 -55.425 46.23149 0.073972
21.1 -55.4 46.050501 0.073674
21.125 -55.375 45.870241 0.073377
21.15 -55.35 45.690708 0.073082
21.175 -55.325 45.511898 0.072787
21.2 -55.3 45.333808 0.072494
21.225 -55.275 45.156435 0.072202
21.25 -55.25 44.979776 0.071911
21.275 -55.225 44.803829 0.071622
21.3 -55.2 44.62859 0.071334
21.325 -55.175 44.454056 0.071047
21.35 -55.15 44.280225 0.070761
21.375 -55.125 44.107093 0.070476
21.4 -55.1 43.934658 0.070192
21.425 -55.075 43.762917 0.06991
21.45 -55.05 43.591867 0.069629
21.475 -55.025 43.421504 0.069349
21.5 -55 43.251827 0.06907
21.525 -54.975 43.082833 0.068792
21.55 -54.95 42.914518 0.068515
21.575 -54.925 42.746879 0.06824
21.6 -54.9 42.579915 0.067966
21.625 -54.875 42.413621 0.067692
21.65 -54.85 42.247997 0.06742
21.675 -54.825 42.083037 0.067149
21.7 -54.8 41.918741 0.06688
21.725 -54.775 41.755105 0.066611
21.75 -54.75 41.592126 0.066343
21.775 -54.725 41.429802 0.066077
21.8 -54.7 41.268129 0.065811
21.825 -54.675 41.107106 0.065547
21.85 -54.65 40.94673 0.065284
21.875 -54.625 40.786998 0.065022
21.9 -54.6 40.627907 0.064761
21.925 -54.575 40.469454 0.064501
21.95 -54.55 40.311638 0.064242
21.975 -54.525 40.154455 0.063984
22 -54.5 39.997902 0.063727
22.025 -54.475 39.841978 0.063472
22.05 -54.45 39.686679 0.063217
22.075 -54.425 39.532004 0.062963
22.1 -54.4 39.377948 0.062711
22.125 -54.375 39.224511 0.062459
22.15 -54.35 39.071689 0.062209
22.175 -54.325 38.91948 0.06196
22.2 -54.3 38.767881 0.061711
22.225 -54.275 38.616889 0.061464
22.25 -54.25 38.466503 0.061217
22.275 -54.225 38.31672 0.060972
22.3 -54.2 38.167537 0.060728
22.325 -54.175 38.018951 0.060484
22.35 -54.15 37.870961 0.060242
22.375 -54.125 37.723564 0.060001
22.4 -54.1 37.576757 0.05976
22.425 -54.075 37.430538 0.059521
22.45 -54.05 37.284905 0.059283
22.475 -54.025 37.139855 0.059045
22.5 -54 36.995385 0.058809
22.525 -53.975 36.851494 0.058574
22.55 -53.95 36.708179 0.058339
22.575 -53.925 36.565438 0.058106
22.6 -53.9 36.423267 0.057873
22.625 -53.875 36.281666 0.057642
22.65 -53.85 36.140631 0.057411
22.675 -53.825 36.00016 0.057181
22.7 -53.8 35.860252 0.056953
22.725 -53.775 35.720903 0.056725
22.75 -53.75 35.582111 0.056498
22.775 -53.725 35.443874 0.056272
22.8 -53.7 35.30619 0.056047
22.825 -53.675 35.169056 0.055823
22.85 -53.65 35.032471 0.0556
22.875 -53.625 34.896431 0.055378
22.9 -53.6 34.760935 0.055156
22.925 -53.575 34.62598 0.054936
22.95 -53.55 34.491565 0.054717
22.975 -53.525 34.357687 0.054498
23 -53.5 34.224343 0.05428
23.025 -53.475 34.091533 0.054063
23.05 -53.45 33.959252 0.053848
23.075 -53.425 33.8275         0.053633
23.1 -53.4 33.696274 0.053418
23.125 -53.375 33.565571 0.053205
23.15 -53.35 33.435391 0.052993
23.175 -53.325 33.30573 0.052781
23.2 -53.3 33.176587 0.052571
23.225 -53.275 33.047958 0.052361
23.25 -53.25 32.919844 0.052152
23.275 -53.225 32.79224 0.051944
23.3 -53.2 32.665145 0.051737
23.325 -53.175 32.538558 0.05153
23.35 -53.15 32.412475 0.051325
23.375 -53.125 32.286895 0.05112
23.4 -53.1 32.161815 0.050916
23.425 -53.075 32.037235 0.050713
23.45 -53.05 31.913151 0.050511
23.475 -53.025 31.789561 0.05031
23.5 -53 31.666465 0.050109
23.525 -52.975 31.543858 0.04991
23.55 -52.95 31.421741 0.049711
23.575 -52.925 31.300109 0.049513
23.6 -52.9 31.178963 0.049316
23.625 -52.875 31.058299 0.049119
23.65 -52.85 30.938115 0.048923
23.675 -52.825 30.818411 0.048729
23.7 -52.8 30.699182 0.048535
23.725 -52.775 30.580429 0.048341
23.75 -52.75 30.462148 0.048149
23.775 -52.725 30.344338 0.047957
23.8 -52.7 30.226997 0.047766
23.825 -52.675 30.110123 0.047576
23.85 -52.65 29.993715 0.047387
23.875 -52.625 29.877769 0.047199
23.9 -52.6 29.762284 0.047011
23.925 -52.575 29.647259 0.046824
23.95 -52.55 29.532692 0.046638
23.975 -52.525 29.41858 0.046452
24 -52.5 29.304922 0.046267
24.025 -52.475 29.191715 0.046083
24.05 -52.45 29.078959 0.0459
24.075 -52.425 28.966651 0.045718
24.1 -52.4 28.85479 0.045536
24.125 -52.375 28.743373 0.045355
24.15 -52.35 28.632399 0.045175
24.175 -52.325 28.521865 0.044995
24.2 -52.3 28.411771 0.044817
24.225 -52.275 28.302115 0.044639
24.25 -52.25 28.192893 0.044461
24.275 -52.225 28.084106 0.044285
24.3 -52.2 27.975751 0.044109
24.325 -52.175 27.867826 0.043934
24.35 -52.15 27.760329 0.043759
24.375 -52.125 27.653259 0.043586
24.4 -52.1 27.546614 0.043413
24.425 -52.075 27.440392 0.04324
24.45 -52.05 27.334592 0.043069
24.475 -52.025 27.229212 0.042898
24.5 -52 27.12425 0.042728
24.525 -51.975 27.019704 0.042558
24.55 -51.95 26.915573 0.042389
24.575 -51.925 26.811855 0.042221
24.6 -51.9 26.708548 0.042054
24.625 -51.875 26.605651 0.041887
24.65 -51.85 26.503162 0.041721
24.675 -51.825 26.401079 0.041556
24.7 -51.8 26.299401 0.041391
24.725 -51.775 26.198126 0.041227
24.75 -51.75 26.097252 0.041063
24.775 -51.725 25.996778 0.040901
24.8 -51.7 25.896702 0.040739
24.825 -51.675 25.797023 0.040577
24.85 -51.65 25.697738 0.040417
24.875 -51.625 25.598847 0.040256
24.9 -51.6 25.500347 0.040097
24.925 -51.575 25.402238 0.039938
24.95 -51.55 25.304517 0.03978
24.975 -51.525 25.207182 0.039623
25 -51.5 25.110234 0.039466
25.025 -51.475 25.013668 0.03931
25.05 -51.45 24.917485 0.039154
25.075 -51.425 24.821683 0.038999
25.1 -51.4 24.72626 0.038845
25.125 -51.375 24.631214 0.038691
25.15 -51.35 24.536544 0.038538
25.175 -51.325 24.442249 0.038386
25.2 -51.3 24.348326 0.038234
25.225 -51.275 24.254776 0.038083
25.25 -51.25 24.161595 0.037932
25.275 -51.225 24.068782 0.037782
25.3 -51.2 23.976336 0.037633
25.325 -51.175 23.884256 0.037484
25.35 -51.15 23.79254 0.037336
25.375 -51.125 23.701186 0.037188
25.4 -51.1 23.610193 0.037041
25.425 -51.075 23.51956 0.036895
25.45 -51.05 23.429285 0.036749
25.475 -51.025 23.339366 0.036604
25.5 -51 23.249802 0.03646
25.525 -50.975 23.160593 0.036316
25.55 -50.95 23.071735 0.036172
25.575 -50.925 22.983228 0.036029
25.6 -50.9 22.895071 0.035887
25.625 -50.875 22.807262 0.035745
25.65 -50.85 22.719799 0.035604
25.675 -50.825 22.632682 0.035464
25.7 -50.8 22.545908 0.035324
25.725 -50.775 22.459477 0.035185
25.75 -50.75 22.373387 0.035046
25.775 -50.725 22.287636 0.034907
25.8 -50.7 22.202224 0.03477
25.825 -50.675 22.117148 0.034633
25.85 -50.65 22.032408 0.034496
25.875 -50.625 21.948002 0.03436
25.9 -50.6 21.863929 0.034225
25.925 -50.575 21.780187 0.03409
25.95 -50.55 21.696776 0.033955
25.975 -50.525 21.613693 0.033822
26 -50.5 21.530938 0.033688
26.025 -50.475 21.448508 0.033556
26.05 -50.45 21.366404 0.033423
26.075 -50.425 21.284623 0.033292
26.1 -50.4 21.203164 0.03316
26.125 -50.375 21.122026 0.03303
26.15 -50.35 21.041207 0.0329
26.175 -50.325 20.960707 0.03277
26.2 -50.3 20.880523 0.032641
26.225 -50.275 20.800656 0.032513
26.25 -50.25 20.721103 0.032385
26.275 -50.225 20.641862 0.032257
26.3 -50.2 20.562934 0.03213
26.325 -50.175 20.484316 0.032004
26.35 -50.15 20.406008 0.031878
26.375 -50.125 20.328008 0.031753
26.4 -50.1 20.250314 0.031628
26.425 -50.075 20.172927 0.031503
26.45 -50.05 20.095843 0.031379
26.475 -50.025 20.019063 0.031256
26.5 -50 19.942584 0.031133
26.525 -49.975 19.866407 0.031011
26.55 -49.95 19.790529 0.030889
26.575 -49.925 19.714949 0.030767
26.6 -49.9 19.639666 0.030646
26.625 -49.875 19.564679 0.030526
26.65 -49.85 19.489986 0.030406
26.675 -49.825 19.415587 0.030287
26.7 -49.8 19.341481 0.030168
26.725 -49.775 19.267665 0.030049
26.75 -49.75 19.194139 0.029931
26.775 -49.725 19.120903 0.029814
26.8 -49.7 19.047953 0.029697
26.825 -49.675 18.97529 0.02958
26.85 -49.65 18.902913 0.029464
26.875 -49.625 18.830819 0.029348
26.9 -49.6 18.759009 0.029233
26.925 -49.575 18.68748 0.029118
26.95 -49.55 18.616232 0.029004
26.975 -49.525 18.545264 0.02889
27 -49.5 18.474574 0.028777
27.025 -49.475 18.404161 0.028664
27.05 -49.45 18.334025 0.028552
27.075 -49.425 18.264163 0.02844
27.1 -49.4 18.194576 0.028328
27.125 -49.375 18.125261 0.028217
27.15 -49.35 18.056218 0.028106
27.175 -49.325 17.987446 0.027996
27.2 -49.3 17.918944 0.027886
27.225 -49.275 17.85071 0.027777
27.25 -49.25 17.782743 0.027668
27.275 -49.225 17.715043 0.02756
27.3 -49.2 17.647608 0.027452
27.325 -49.175 17.580437 0.027344
27.35 -49.15 17.513529 0.027237
27.375 -49.125 17.446883 0.027131
27.4 -49.1 17.380498 0.027024
27.425 -49.075 17.314374 0.026919
27.45 -49.05 17.248508 0.026813
27.475 -49.025 17.1829         0.026708
27.5 -49 17.117549 0.026604
27.525 -48.975 17.052453 0.0265
27.55 -48.95 16.987613 0.026396
27.575 -48.925 16.923026 0.026293
27.6 -48.9 16.858692 0.02619
27.625 -48.875 16.794609 0.026087
27.65 -48.85 16.730778 0.025985
27.675 -48.825 16.667196 0.025883
27.7 -48.8 16.603862 0.025782
27.725 -48.775 16.540776 0.025681
27.75 -48.75 16.477937 0.025581
27.775 -48.725 16.415344 0.025481
27.8 -48.7 16.352995 0.025381
27.825 -48.675 16.29089 0.025282
27.85 -48.65 16.229028 0.025183
27.875 -48.625 16.167408 0.025085
27.9 -48.6 16.106028 0.024987
27.925 -48.575 16.044888 0.024889
27.95 -48.55 15.983987 0.024792
27.975 -48.525 15.923324 0.024695
28 -48.5 15.862898 0.024599
28.025 -48.475 15.802708 0.024503
28.05 -48.45 15.742753 0.024407
28.075 -48.425 15.683032 0.024312
28.1 -48.4 15.623544 0.024217
28.125 -48.375 15.564289 0.024122
28.15 -48.35 15.505264 0.024028
28.175 -48.325 15.446471 0.023934
28.2 -48.3 15.387906 0.023841
28.225 -48.275 15.32957 0.023748
28.25 -48.25 15.271462 0.023655
28.275 -48.225 15.21358 0.023563
28.3 -48.2 15.155924 0.023471
28.325 -48.175 15.098493 0.02338
28.35 -48.15 15.041286 0.023288
28.375 -48.125 14.984302 0.023198
28.4 -48.1 14.92754 0.023107
28.425 -48.075 14.871         0.023017
28.45 -48.05 14.81468 0.022927
28.475 -48.025 14.758579 0.022838
28.5 -48 14.702697 0.022749
28.525 -47.975 14.647033 0.02266
28.55 -47.95 14.591585 0.022572
28.575 -47.925 14.536354 0.022484
28.6 -47.9 14.481338 0.022397
28.625 -47.875 14.426536 0.022309
28.65 -47.85 14.371948 0.022222
28.675 -47.825 14.317572 0.022136
28.7 -47.8 14.263408 0.02205
28.725 -47.775 14.209455 0.021964
28.75 -47.75 14.155711 0.021878
28.775 -47.725 14.102177 0.021793
28.8 -47.7 14.048852 0.021708
28.825 -47.675 13.995734 0.021624
28.85 -47.65 13.942822 0.02154
28.875 -47.625 13.890117 0.021456
28.9 -47.6 13.837616 0.021373
28.925 -47.575 13.78532 0.021289
28.95 -47.55 13.733227 0.021207
28.975 -47.525 13.681337 0.021124
29 -47.5 13.629648 0.021042
29.025 -47.475 13.578161 0.02096
29.05 -47.45 13.526873 0.020879
29.075 -47.425 13.475785 0.020798
29.1 -47.4 13.424896 0.020717
29.125 -47.375 13.374204 0.020636
29.15 -47.35 13.32371 0.020556
29.175 -47.325 13.273411 0.020476
29.2 -47.3 13.223308 0.020397
29.225 -47.275 13.1734         0.020317
29.25 -47.25 13.123685 0.020238
29.275 -47.225 13.074164 0.02016
29.3 -47.2 13.024835 0.020082
29.325 -47.175 12.975697 0.020004
29.35 -47.15 12.92675 0.019926
29.375 -47.125 12.877993 0.019849
29.4 -47.1 12.829426 0.019772
29.425 -47.075 12.781047 0.019695
29.45 -47.05 12.732856 0.019618
29.475 -47.025 12.684851 0.019542
29.5 -47 12.637033 0.019466
29.525 -46.975 12.589401 0.019391
29.55 -46.95 12.541953 0.019316
29.575 -46.925 12.494689 0.019241
29.6 -46.9 12.447609 0.019166
29.625 -46.875 12.400711 0.019092
29.65 -46.85 12.353995 0.019018
29.675 -46.825 12.30746 0.018944
29.7 -46.8 12.261106 0.018871
29.725 -46.775 12.214931 0.018798
29.75 -46.75 12.168935 0.018725
29.775 -46.725 12.123118 0.018652
29.8 -46.7 12.077478 0.01858
29.825 -46.675 12.032015 0.018508
29.85 -46.65 11.986728 0.018436
29.875 -46.625 11.941616 0.018365
29.9 -46.6 11.896679 0.018294
29.925 -46.575 11.851916 0.018223
29.95 -46.55 11.807327 0.018152
29.975 -46.525 11.76291 0.018082
30 -46.5 11.718665 0.018012
30.025 -46.475 11.674591 0.017942
30.05 -46.45 11.630688 0.017873
30.075 -46.425 11.586955 0.017804
30.1 -46.4 11.543391 0.017735
30.125 -46.375 11.499996 0.017666
30.15 -46.35 11.456768 0.017598
30.175 -46.325 11.413708 0.01753
30.2 -46.3 11.370815 0.017462
30.225 -46.275 11.328087 0.017394
30.25 -46.25 11.285524 0.017327
30.275 -46.225 11.243126 0.01726
30.3 -46.2 11.200892 0.017193
30.325 -46.175 11.158822 0.017127
30.35 -46.15 11.116914 0.017061
30.375 -46.125 11.075167 0.016995
30.4 -46.1 11.033583 0.016929
30.425 -46.075 10.992159 0.016864
30.45 -46.05 10.950894 0.016799
30.475 -46.025 10.90979 0.016734
30.5 -46 10.868844 0.016669
30.525 -45.975 10.828056 0.016605
30.55 -45.95 10.787426 0.01654
30.575 -45.925 10.746953 0.016477
30.6 -45.9 10.706636 0.016413
30.625 -45.875 10.666475 0.01635
30.65 -45.85 10.626468 0.016286
30.675 -45.825 10.586616 0.016224
30.7 -45.8 10.546918 0.016161
30.725 -45.775 10.507374 0.016099
30.75 -45.75 10.467981 0.016037
30.775 -45.725 10.428741 0.015975
30.8 -45.7 10.389652 0.015913
30.825 -45.675 10.350714 0.015852
30.85 -45.65 10.311926 0.015791
30.875 -45.625 10.273288 0.01573
30.9 -45.6 10.234799 0.015669
30.925 -45.575 10.196458 0.015609
30.95 -45.55 10.158265 0.015548
30.975 -45.525 10.120219 0.015488
31 -45.5 10.08232 0.015429
31.025 -45.475 10.044566 0.015369
31.05 -45.45 10.006959 0.01531
31.075 -45.425 9.969496 0.015251
31.1 -45.4 9.932178 0.015192
31.125 -45.375 9.895003 0.015134
31.15 -45.35 9.857972 0.015076
31.175 -45.325 9.821083 0.015017
31.2 -45.3 9.784336 0.01496
31.225 -45.275 9.747731 0.014902
31.25 -45.25 9.711266 0.014845
31.275 -45.225 9.674943 0.014787
31.3 -45.2 9.638758 0.014731
31.325 -45.175 9.602714 0.014674
31.35 -45.15 9.566808 0.014617
31.375 -45.125 9.53104         0.014561
31.4 -45.1 9.495409 0.014505
31.425 -45.075 9.459916 0.014449
31.45 -45.05 9.424559 0.014394
31.475 -45.025 9.389339 0.014338
31.5 -45 9.354254 0.014283
31.525 -44.975 9.319303 0.014228
31.55 -44.95 9.284487 0.014174
31.575 -44.925 9.249805 0.014119
31.6 -44.9 9.215257 0.014065
31.625 -44.875 9.180841 0.014011
31.65 -44.85 9.146557 0.013957
31.675 -44.825 9.112405 0.013903
31.7 -44.8 9.078385 0.01385
31.725 -44.775 9.044495 0.013797
31.75 -44.75 9.010735 0.013744
31.775 -44.725 8.977105 0.013691
31.8 -44.7 8.943604 0.013638
31.825 -44.675 8.910232 0.013586
31.85 -44.65 8.876988 0.013534
31.875 -44.625 8.843872 0.013482
31.9 -44.6 8.810882 0.01343
31.925 -44.575 8.77802  0.013378
31.95 -44.55 8.745283 0.013327
31.975 -44.525 8.712672 0.013276
32 -44.5 8.680187 0.013225
32.025 -44.43 8.647829 0.013172
32.05 -44.36 8.615602 0.013119
32.075 -44.29 8.583504 0.013066
32.1 -44.22 8.551536 0.013013
32.125 -44.15 8.519697 0.012961
32.15 -44.08 8.487986 0.012908
32.175 -44.01 8.456402 0.012857
32.2 -43.94 8.424946 0.012805
32.225 -43.87 8.393616 0.012753
32.25 -43.8 8.362412 0.012702
32.275 -43.73 8.331334 0.012651
32.3 -43.66 8.300381 0.0126
32.325 -43.59 8.269552 0.012549
32.35 -43.52 8.238847 0.012499
32.375 -43.45 8.208265 0.012449
32.4 -43.38 8.177806 0.012399
32.425 -43.31 8.147469 0.012349
32.45 -43.24 8.117254 0.0123
32.475 -43.17 8.08716  0.01225
32.5 -43.1 8.057187 0.012201
32.525 -43.03 8.027334 0.012152
32.55 -42.96 7.997601 0.012104
32.575 -42.89 7.967987 0.012055
32.6 -42.82 7.938491 0.012007
32.625 -42.75 7.909114 0.011959
32.65 -42.68 7.879854 0.011911
32.675 -42.61 7.850711 0.011863
32.7 -42.54 7.821685 0.011816
32.725 -42.47 7.792774 0.011768
32.75 -42.4 7.76398         0.011721
32.775 -42.33 7.7353    0.011675
32.8 -42.26 7.706735 0.011628
32.825 -42.19 7.678284 0.011582
32.85 -42.12 7.649947 0.011535
32.875 -42.05 7.621723 0.011489
32.9 -41.98 7.593612 0.011443
32.925 -41.91 7.565612 0.011398
32.95 -41.84 7.537725 0.011352
32.975 -41.77 7.509948 0.011307
33 -41.7 7.482282 0.011262
33.025 -41.63 7.454727 0.011217
33.05 -41.56 7.427281 0.011172
33.075 -41.49 7.399945 0.011128
33.1 -41.42 7.372717 0.011084
33.125 -41.35 7.345598 0.01104
33.15 -41.28 7.318586 0.010996
33.175 -41.21 7.291682 0.010952
33.2 -41.14 7.264885 0.010908
33.225 -41.07 7.238195 0.010865
33.25 -41 7.21161  0.010822
33.275 -40.93 7.185132 0.010779
33.3 -40.86 7.158758 0.010736
33.325 -40.79 7.132489 0.010693
33.35 -40.72 7.106325 0.010651
33.375 -40.65 7.080264 0.010609
33.4 -40.58 7.054306 0.010567
33.425 -40.51 7.028452 0.010525
33.45 -40.44 7.0027   0.010483
33.475 -40.37 6.97705  0.010442
33.5 -40.3 6.951501 0.0104
33.525 -40.23 6.926054 0.010359
33.55 -40.16 6.900708 0.010318
33.575 -40.09 6.875462 0.010277
33.6 -40.02 6.850315 0.010236
33.625 -39.95 6.825269 0.010196
33.65 -39.88 6.800321 0.010156
33.675 -39.81 6.775472 0.010116
33.7 -39.74 6.750721 0.010076
33.725 -39.67 6.726068 0.010036
33.75 -39.6 6.701513 0.009996
33.775 -39.53 6.677054 0.009957
33.8 -39.46 6.652692 0.009917
33.825 -39.39 6.628426 0.009878
33.85 -39.32 6.604256 0.009839
33.875 -39.25 6.580181 0.0098
33.9 -39.18 6.556201 0.009762
33.925 -39.11 6.532315 0.009723
33.95 -39.04 6.508524 0.009685
33.975 -38.97 6.484827 0.009647
34 -38.9 6.461222 0.009609
34.025 -38.83 6.437711 0.009571
34.05 -38.76 6.414292 0.009533
34.075 -38.69 6.390965 0.009496
34.1 -38.62 6.367731 0.009459
34.125 -38.55 6.344587 0.009421
34.15 -38.48 6.321534 0.009384
34.175 -38.41 6.298573 0.009347
34.2 -38.34 6.275701 0.009311
34.225 -38.27 6.252919 0.009274
34.25 -38.2 6.230226 0.009238
34.275 -38.13 6.207623 0.009201
34.3 -38.06 6.185108 0.009165
34.325 -37.99 6.162682 0.009129
34.35 -37.92 6.140344 0.009094
34.375 -37.85 6.118093 0.009058
34.4 -37.78 6.095929 0.009023
34.425 -37.71 6.073853 0.008987
34.45 -37.64 6.051862 0.008952
34.475 -37.57 6.029958 0.008917
34.5 -37.5 6.00814  0.008882
34.525 -37.43 5.986407 0.008847
34.55 -37.36 5.964759 0.008813
34.575 -37.29 5.943195 0.008778
34.6 -37.22 5.921716 0.008744
34.625 -37.15 5.900321 0.00871
34.65 -37.08 5.87901  0.008676
34.675 -37.01 5.857782 0.008642
34.7 -36.94 5.836637 0.008608
34.725 -36.87 5.815574 0.008574
34.75 -36.8 5.794593 0.008541
34.775 -36.73 5.773695 0.008508
34.8 -36.66 5.752878 0.008474
34.825 -36.59 5.732142 0.008441
34.85 -36.52 5.711487 0.008408
34.875 -36.45 5.690912 0.008376
34.9 -36.38 5.670418 0.008343
34.925 -36.31 5.650003 0.008311
34.95 -36.24 5.629668 0.008278
34.975 -36.17 5.609412 0.008246
35 -36.1 5.589235 0.008214
35.025 -36.03 5.569137 0.008182
35.05 -35.96 5.549116 0.00815
35.075 -35.89 5.529174 0.008118
35.1 -35.82 5.509309 0.008087
35.125 -35.75 5.489521 0.008055
35.15 -35.68 5.46981  0.008024
35.175 -35.61 5.450176 0.007993
35.2 -35.54 5.430618 0.007962
35.225 -35.47 5.411135 0.007931
35.25 -35.4 5.391729 0.0079
35.275 -35.33 5.372397 0.00787
35.3 -35.26 5.353141 0.007839
35.325 -35.19 5.333959 0.007809
35.35 -35.12 5.314852 0.007779
35.375 -35.05 5.295818 0.007748
35.4 -34.98 5.276859 0.007718
35.425 -34.91 5.257973 0.007689
35.45 -34.84 5.23916  0.007659
35.475 -34.77 5.220419 0.007629
35.5 -34.7 5.201752 0.0076
35.525 -34.63 5.183156 0.00757
35.55 -34.56 5.164632 0.007541
35.575 -34.49 5.14618  0.007512
35.6 -34.42 5.127799 0.007483
35.625 -34.35 5.10949  0.007454
35.65 -34.28 5.091251 0.007425
35.675 -34.21 5.073082 0.007396
35.7 -34.14 5.054984 0.007368
35.725 -34.07 5.036955 0.007339
35.75 -34 5.018996 0.007311
35.775 -33.93 5.001106 0.007283
35.8 -33.86 4.983285 0.007255
35.825 -33.79 4.965533 0.007227
35.85 -33.72 4.947849 0.007199
35.875 -33.65 4.930234 0.007171
35.9 -33.58 4.912686 0.007144
35.925 -33.51 4.895205 0.007116
35.95 -33.44 4.877793 0.007089
35.975 -33.37 4.860447 0.007062
36 -33.3 4.843167 0.007034
36.025 -33.23 4.825954 0.007007
36.05 -33.16 4.808808 0.00698
36.075 -33.09 4.791727 0.006954
36.1 -33.02 4.774712 0.006927
36.125 -32.95 4.757762 0.0069
36.15 -32.88 4.740877 0.006874
36.175 -32.81 4.724058 0.006847
36.2 -32.74 4.707302 0.006821
36.225 -32.67 4.690611 0.006795
36.25 -32.6 4.673984 0.006769
36.275 -32.53 4.657421 0.006743
36.3 -32.46 4.640921 0.006717
36.325 -32.39 4.624484 0.006691
36.35 -32.32 4.608111 0.006666
36.375 -32.25 4.5918   0.00664
36.4 -32.18 4.575552 0.006615
36.425 -32.11 4.559365 0.00659
36.45 -32.04 4.543241 0.006564
36.475 -31.97 4.527178 0.006539
36.5 -31.9 4.511177 0.006514
36.525 -31.83 4.495237 0.006489
36.55 -31.76 4.479358 0.006464
36.575 -31.69 4.463539 0.00644
36.6 -31.62 4.447781 0.006415
36.625 -31.55 4.432084 0.006391
36.65 -31.48 4.416446 0.006366
36.675 -31.41 4.400867 0.006342
36.7 -31.34 4.385349 0.006318
36.725 -31.27 4.369889 0.006294
36.75 -31.2 4.354488 0.00627
36.775 -31.13 4.339146 0.006246
36.8 -31.06 4.323863 0.006222
36.825 -30.99 4.308638 0.006198
36.85 -30.92 4.29347  0.006175
36.875 -30.85 4.278361 0.006151
36.9 -30.78 4.263309 0.006128
36.925 -30.71 4.248314 0.006105
36.95 -30.64 4.233376 0.006081
36.975 -30.57 4.218495 0.006058
37 -30.5 4.203671 0.006035
